6.937589049339294434e-01
6.940379142761230469e-01
6.931483149528503418e-01
6.929872035980224609e-01
6.926246881484985352e-01
6.943225264549255371e-01
6.915645599365234375e-01
6.930935382843017578e-01
6.942231655120849609e-01
6.921586990356445312e-01
6.939070820808410645e-01
6.915180087089538574e-01
6.932641267776489258e-01
6.941330432891845703e-01
6.930932998657226562e-01
6.943510770797729492e-01
6.928923726081848145e-01
6.925972700119018555e-01
6.936631798744201660e-01
6.934995651245117188e-01
6.925418376922607422e-01
6.930726170539855957e-01
6.922754645347595215e-01
6.944724321365356445e-01
6.934177875518798828e-01
6.931070685386657715e-01
6.930696964263916016e-01
6.944163441658020020e-01
6.925987005233764648e-01
6.932525634765625000e-01
6.929087638854980469e-01
6.934061050415039062e-01
6.938155293464660645e-01
6.932706236839294434e-01
6.909888982772827148e-01
6.920693516731262207e-01
6.943808794021606445e-01
6.924608349800109863e-01
6.928194761276245117e-01
6.931495070457458496e-01
6.926106214523315430e-01
6.922843456268310547e-01
6.932936310768127441e-01
6.936095952987670898e-01
6.922361254692077637e-01
6.924429535865783691e-01
6.925830245018005371e-01
6.940765380859375000e-01
6.932432651519775391e-01
6.927732825279235840e-01
6.920010447502136230e-01
6.918680667877197266e-01
6.924033164978027344e-01
6.931378245353698730e-01
6.938488483428955078e-01
6.922428011894226074e-01
6.941540837287902832e-01
6.916897892951965332e-01
6.929037570953369141e-01
6.925935149192810059e-01
6.930519342422485352e-01
6.934977173805236816e-01
6.938534975051879883e-01
6.941622495651245117e-01
6.935647726058959961e-01
6.934797763824462891e-01
6.931098103523254395e-01
6.939167380332946777e-01
6.913347840309143066e-01
6.932471394538879395e-01
6.928481459617614746e-01
6.929084062576293945e-01
6.938302516937255859e-01
6.932311058044433594e-01
6.927360892295837402e-01
6.931260228157043457e-01
6.934902071952819824e-01
6.943892240524291992e-01
6.935563683509826660e-01
6.934561729431152344e-01
6.934217810630798340e-01
6.939834952354431152e-01
6.931171417236328125e-01
6.924588680267333984e-01
6.920641064643859863e-01
6.926596164703369141e-01
6.938976049423217773e-01
6.926603317260742188e-01
6.934298276901245117e-01
6.931082606315612793e-01
6.942151784896850586e-01
6.921683549880981445e-01
6.939162015914916992e-01
6.933174729347229004e-01
6.920889019966125488e-01
6.944200992584228516e-01
6.938307881355285645e-01
6.937264800071716309e-01
6.944133639335632324e-01
6.933154463768005371e-01
6.925203204154968262e-01
6.933630108833312988e-01
6.940181851387023926e-01
6.920977234840393066e-01
6.918833851814270020e-01
6.919049620628356934e-01
6.929125189781188965e-01
6.929474472999572754e-01
6.941721439361572266e-01
6.940011978149414062e-01
6.926404833793640137e-01
6.928093433380126953e-01
6.941118836402893066e-01
6.928839683532714844e-01
6.923760771751403809e-01
6.928638815879821777e-01
6.924245953559875488e-01
6.937329769134521484e-01
6.933910250663757324e-01
6.932910680770874023e-01
6.945403814315795898e-01
6.915935277938842773e-01
6.931263208389282227e-01
6.937613487243652344e-01
6.935417056083679199e-01
6.932346820831298828e-01
6.924850344657897949e-01
6.933628320693969727e-01
6.921772956848144531e-01
6.945515871047973633e-01
6.934328079223632812e-01
6.929609179496765137e-01
6.933227777481079102e-01
6.932342648506164551e-01
6.929975748062133789e-01
6.917150616645812988e-01
6.943235993385314941e-01
6.934644579887390137e-01
6.936902403831481934e-01
6.936548352241516113e-01
6.932114958763122559e-01
6.933484673500061035e-01
6.916957497596740723e-01
6.922059059143066406e-01
6.923936605453491211e-01
6.928891539573669434e-01
6.932104229927062988e-01
6.924854516983032227e-01
6.933709383010864258e-01
6.939424276351928711e-01
6.933206915855407715e-01
6.926267147064208984e-01
6.929185986518859863e-01
6.934688091278076172e-01
6.936304569244384766e-01
6.925634145736694336e-01
6.934114098548889160e-01
6.919266581535339355e-01
6.927477717399597168e-01
6.943006515502929688e-01
6.924196481704711914e-01
6.937879323959350586e-01
6.918015480041503906e-01
6.940966248512268066e-01
6.916730403900146484e-01
6.946846246719360352e-01
6.937149763107299805e-01
6.933909654617309570e-01
6.940956115722656250e-01
6.932525634765625000e-01
6.927410364151000977e-01
6.923226118087768555e-01
6.931042671203613281e-01
6.925845742225646973e-01
6.928008198738098145e-01
6.921047568321228027e-01
6.938446760177612305e-01
6.929656863212585449e-01
6.930313706398010254e-01
6.934443116188049316e-01
6.933475136756896973e-01
6.932924985885620117e-01
6.928833127021789551e-01
6.925199031829833984e-01
6.932327747344970703e-01
6.932091116905212402e-01
6.932080388069152832e-01
6.933961510658264160e-01
6.929830312728881836e-01
6.942780613899230957e-01
6.930920481681823730e-01
6.931703686714172363e-01
6.932808756828308105e-01
6.932994127273559570e-01
6.929819583892822266e-01
6.944639086723327637e-01
6.940990090370178223e-01
6.938129067420959473e-01
6.941155791282653809e-01
6.941022276878356934e-01
6.940561532974243164e-01
6.935856342315673828e-01
6.934738755226135254e-01
6.916590929031372070e-01
6.927396059036254883e-01
6.941963434219360352e-01
6.929039955139160156e-01
6.928735375404357910e-01
6.934860944747924805e-01
6.936064958572387695e-01
6.929437518119812012e-01
6.931557059288024902e-01
6.929827928543090820e-01
6.926258206367492676e-01
6.942190527915954590e-01
6.927792429924011230e-01
6.940519213676452637e-01
6.934822797775268555e-01
6.930742263793945312e-01
6.941056251525878906e-01
6.940806508064270020e-01
6.932219266891479492e-01
6.929491758346557617e-01
6.927725672721862793e-01
6.922019720077514648e-01
6.933710575103759766e-01
6.928099989891052246e-01
6.929738521575927734e-01
6.934161782264709473e-01
6.924577951431274414e-01
6.929640173912048340e-01
6.921488046646118164e-01
6.939333677291870117e-01
6.927320361137390137e-01
6.926045417785644531e-01
6.935509443283081055e-01
6.923987865447998047e-01
6.928765177726745605e-01
6.935780644416809082e-01
6.930832266807556152e-01
6.941080093383789062e-01
6.917901635169982910e-01
6.926274299621582031e-01
6.934984326362609863e-01
6.937828063964843750e-01
6.935001015663146973e-01
6.937029361724853516e-01
6.931608915328979492e-01
6.932818889617919922e-01
6.939975619316101074e-01
6.928341388702392578e-01
6.935071945190429688e-01
6.923380494117736816e-01
6.938076019287109375e-01
6.930633783340454102e-01
6.935018897056579590e-01
6.930618882179260254e-01
6.927585005760192871e-01
6.926810741424560547e-01
6.935001611709594727e-01
6.930814385414123535e-01
6.929708719253540039e-01
6.931812167167663574e-01
6.925089359283447266e-01
6.929007172584533691e-01
6.935287714004516602e-01
6.927062869071960449e-01
6.935769319534301758e-01
6.938928365707397461e-01
6.940326094627380371e-01
6.923489570617675781e-01
6.938735246658325195e-01
6.926134824752807617e-01
6.929506063461303711e-01
6.924343109130859375e-01
6.933937072753906250e-01
6.933327317237854004e-01
6.931148171424865723e-01
6.928676366806030273e-01
6.930282115936279297e-01
6.933488845825195312e-01
6.934913992881774902e-01
6.918777823448181152e-01
6.928713917732238770e-01
6.928799152374267578e-01
6.928141713142395020e-01
6.935479640960693359e-01
6.931406855583190918e-01
6.938629150390625000e-01
6.927506327629089355e-01
6.930221915245056152e-01
6.930127143859863281e-01
6.932557225227355957e-01
6.928492784500122070e-01
6.923813223838806152e-01
6.923353672027587891e-01
6.939734220504760742e-01
6.930612325668334961e-01
6.932896971702575684e-01
6.919934749603271484e-01
6.936852335929870605e-01
6.923120021820068359e-01
6.930042505264282227e-01
6.927711963653564453e-01
6.923984885215759277e-01
6.934269666671752930e-01
6.923121809959411621e-01
6.925713419914245605e-01
6.941906809806823730e-01
6.929424405097961426e-01
6.931041479110717773e-01
6.933822631835937500e-01
6.918200254440307617e-01
6.937113404273986816e-01
6.930561661720275879e-01
6.939486265182495117e-01
6.926457881927490234e-01
6.925006508827209473e-01
6.932114362716674805e-01
6.918786168098449707e-01
6.938030719757080078e-01
6.930102109909057617e-01
6.945762038230895996e-01
6.925219893455505371e-01
6.914318799972534180e-01
6.922067403793334961e-01
6.932045221328735352e-01
6.922854185104370117e-01
6.939648389816284180e-01
6.913542151451110840e-01
6.944361925125122070e-01
6.923815608024597168e-01
6.949771642684936523e-01
6.926436424255371094e-01
6.931819915771484375e-01
6.920216083526611328e-01
6.943095326423645020e-01
6.935665607452392578e-01
6.930786967277526855e-01
6.934795975685119629e-01
6.925188302993774414e-01
6.942023634910583496e-01
6.933376789093017578e-01
6.935952901840209961e-01
6.920124888420104980e-01
6.926445960998535156e-01
6.929966211318969727e-01
6.922954320907592773e-01
6.931666731834411621e-01
6.931287646293640137e-01
6.923251748085021973e-01
6.926655769348144531e-01
6.926935911178588867e-01
6.922155618667602539e-01
6.935054063796997070e-01
6.936783790588378906e-01
6.932364106178283691e-01
6.938678622245788574e-01
6.934289932250976562e-01
6.928161382675170898e-01
6.921642422676086426e-01
6.918444633483886719e-01
6.927905678749084473e-01
6.929382085800170898e-01
6.924237012863159180e-01
6.931768655776977539e-01
6.933892965316772461e-01
6.927435994148254395e-01
6.923320889472961426e-01
6.940498352050781250e-01
6.915732026100158691e-01
6.935664415359497070e-01
6.920461058616638184e-01
6.957239508628845215e-01
6.900796890258789062e-01
6.934750676155090332e-01
6.917842030525207520e-01
6.922357678413391113e-01
6.951785087585449219e-01
6.899437904357910156e-01
6.975634098052978516e-01
6.916064023971557617e-01
6.900027990341186523e-01
6.920990347862243652e-01
6.929427981376647949e-01
6.925364136695861816e-01
6.914766430854797363e-01
6.913974285125732422e-01
6.942957639694213867e-01
6.939741373062133789e-01
6.929301619529724121e-01
6.905787587165832520e-01
6.932039856910705566e-01
6.932103633880615234e-01
6.914953589439392090e-01
6.920410990715026855e-01
6.945735216140747070e-01
6.929464340209960938e-01
6.933906078338623047e-01
6.912413835525512695e-01
6.915132999420166016e-01
6.928274631500244141e-01
6.915287971496582031e-01
6.937843561172485352e-01
6.938562393188476562e-01
6.899095773696899414e-01
6.891445517539978027e-01
6.913925409317016602e-01
6.926975250244140625e-01
6.909168958663940430e-01
6.917812824249267578e-01
6.904723644256591797e-01
6.918697357177734375e-01
6.945617794990539551e-01
6.907273530960083008e-01
6.916444897651672363e-01
6.879869103431701660e-01
6.878350377082824707e-01
6.881742477416992188e-01
6.860289573669433594e-01
6.842043399810791016e-01
6.843066811561584473e-01
6.980108618736267090e-01
6.943224072456359863e-01
6.958783864974975586e-01
6.856256127357482910e-01
6.797748208045959473e-01
6.913819909095764160e-01
6.852400302886962891e-01
6.821232438087463379e-01
6.809686422348022461e-01
6.904415488243103027e-01
7.411454319953918457e-01
6.784652471542358398e-01
6.839539408683776855e-01
6.843683123588562012e-01
6.797924041748046875e-01
6.909924149513244629e-01
6.752047538757324219e-01
6.973459720611572266e-01
7.021049857139587402e-01
6.786875128746032715e-01
6.792555451393127441e-01
6.779743432998657227e-01
7.015673518180847168e-01
6.923686861991882324e-01
6.726364493370056152e-01
6.790522933006286621e-01
7.030766010284423828e-01
6.651614904403686523e-01
6.713490486145019531e-01
6.659303307533264160e-01
6.520449519157409668e-01
7.036424875259399414e-01
6.458272337913513184e-01
6.869834661483764648e-01
7.299705147743225098e-01
7.279891967773437500e-01
7.121061682701110840e-01
6.783832907676696777e-01
6.659148335456848145e-01
6.985166072845458984e-01
6.566980481147766113e-01
6.677619218826293945e-01
6.756474375724792480e-01
6.374837160110473633e-01
6.788061857223510742e-01
7.156760096549987793e-01
6.268289089202880859e-01
6.842466592788696289e-01
6.712464094161987305e-01
6.902815699577331543e-01
6.746054291725158691e-01
6.782779097557067871e-01
6.663202643394470215e-01
6.606425642967224121e-01
6.668846607208251953e-01
6.296060681343078613e-01
5.961923003196716309e-01
6.380200386047363281e-01
6.550563573837280273e-01
5.753507018089294434e-01
5.781423449516296387e-01
6.132148504257202148e-01
6.617546677589416504e-01
5.945183634757995605e-01
5.251362919807434082e-01
5.797640681266784668e-01
6.716643571853637695e-01
6.761300563812255859e-01
5.305424928665161133e-01
6.088390946388244629e-01
6.566826701164245605e-01
5.957963466644287109e-01
6.768429875373840332e-01
5.501603484153747559e-01
5.946674346923828125e-01
6.514475345611572266e-01
6.787880659103393555e-01
6.783128976821899414e-01
6.003155112266540527e-01
6.194217801094055176e-01
6.236668229103088379e-01
6.105544567108154297e-01
4.982729852199554443e-01
6.175281405448913574e-01
5.880948901176452637e-01
5.444047451019287109e-01
6.505891084671020508e-01
4.899802803993225098e-01
7.886024713516235352e-01
6.108658313751220703e-01
4.639875590801239014e-01
5.180770754814147949e-01
6.160252690315246582e-01
4.979040920734405518e-01
5.909008979797363281e-01
5.742710232734680176e-01
5.871731042861938477e-01
4.482234418392181396e-01
5.057235956192016602e-01
5.308033823966979980e-01
5.220200419425964355e-01
6.092689633369445801e-01
5.628758072853088379e-01
4.741099774837493896e-01
6.091079115867614746e-01
5.766975283622741699e-01
6.160607933998107910e-01
4.824768900871276855e-01
5.755664706230163574e-01
5.909598469734191895e-01
4.807550609111785889e-01
6.131480932235717773e-01
6.055334806442260742e-01
5.966957211494445801e-01
6.104562282562255859e-01
5.819017291069030762e-01
6.360989212989807129e-01
5.283607244491577148e-01
5.989757180213928223e-01
5.357636809349060059e-01
5.930423736572265625e-01
5.581893324851989746e-01
5.218170285224914551e-01
4.681711494922637939e-01
5.611499547958374023e-01
5.961723327636718750e-01
5.404550433158874512e-01
6.896962523460388184e-01
6.250373721122741699e-01
5.536912679672241211e-01
5.609937310218811035e-01
5.732614398002624512e-01
5.628509521484375000e-01
5.858519673347473145e-01
6.141325235366821289e-01
5.986423492431640625e-01
5.687678456306457520e-01
6.079407334327697754e-01
5.531000494956970215e-01
5.575934052467346191e-01
4.754765033721923828e-01
6.062721610069274902e-01
5.203188657760620117e-01
5.500866174697875977e-01
7.792099714279174805e-01
5.267321467399597168e-01
6.358195543289184570e-01
5.818774104118347168e-01
6.745799779891967773e-01
5.914835333824157715e-01
6.335948705673217773e-01
6.132795214653015137e-01
6.324725747108459473e-01
6.225121617317199707e-01
5.884826183319091797e-01
5.319530367851257324e-01
5.751134753227233887e-01
5.303625464439392090e-01
5.147181749343872070e-01
4.851710796356201172e-01
4.467148780822753906e-01
5.394515395164489746e-01
5.821495652198791504e-01
8.471445441246032715e-01
6.324439644813537598e-01
6.744040846824645996e-01
6.067820191383361816e-01
6.446753144264221191e-01
6.194587945938110352e-01
6.054789423942565918e-01
6.539433002471923828e-01
6.159934997558593750e-01
6.522672772407531738e-01
6.194958090782165527e-01
5.248537659645080566e-01
6.077249646186828613e-01
5.621897578239440918e-01
5.505258440971374512e-01
5.371842384338378906e-01
5.295028686523437500e-01
4.963702261447906494e-01
4.656392335891723633e-01
5.983650088310241699e-01
6.245402097702026367e-01
5.600475072860717773e-01
6.082582473754882812e-01
5.951272249221801758e-01
5.729843378067016602e-01
5.708190202713012695e-01
5.753058195114135742e-01
5.249938368797302246e-01
5.223143100738525391e-01
6.609663963317871094e-01
4.632587134838104248e-01
5.390825271606445312e-01
4.533782303333282471e-01
5.700352787971496582e-01
5.630670785903930664e-01
5.109891891479492188e-01
5.464420914649963379e-01
5.446499586105346680e-01
4.770512282848358154e-01
5.500540733337402344e-01
6.370081901550292969e-01
5.891411900520324707e-01
5.537904500961303711e-01
5.941936373710632324e-01
7.155621051788330078e-01
4.743439555168151855e-01
4.671926200389862061e-01
5.210422277450561523e-01
5.119125247001647949e-01
5.753427147865295410e-01
6.692639589309692383e-01
4.844055175781250000e-01
4.513797163963317871e-01
4.794100522994995117e-01
5.012928247451782227e-01
6.116679310798645020e-01
5.442243218421936035e-01
5.154267549514770508e-01
4.316546916961669922e-01
4.916619360446929932e-01
6.690695285797119141e-01
5.833353400230407715e-01
5.763912200927734375e-01
5.302984714508056641e-01
6.154903769493103027e-01
5.843987464904785156e-01
6.120645403861999512e-01
5.545905828475952148e-01
6.459881067276000977e-01
5.172668695449829102e-01
7.043150067329406738e-01
5.405333638191223145e-01
5.411613583564758301e-01
5.858884453773498535e-01
5.941773653030395508e-01
5.791089534759521484e-01
6.137150526046752930e-01
6.271135210990905762e-01
6.312400698661804199e-01
5.470883846282958984e-01
5.309543609619140625e-01
5.264831781387329102e-01
5.555397272109985352e-01
5.036336779594421387e-01
5.822972059249877930e-01
5.810642838478088379e-01
4.557878971099853516e-01
5.727546215057373047e-01
5.541024208068847656e-01
5.713249444961547852e-01
5.536339879035949707e-01
6.309092044830322266e-01
5.825624465942382812e-01
5.076918601989746094e-01
4.895485341548919678e-01
5.426391959190368652e-01
4.453367888927459717e-01
5.439691543579101562e-01
3.874235153198242188e-01
6.316161751747131348e-01
6.806564927101135254e-01
6.114729642868041992e-01
6.453834176063537598e-01
6.447032690048217773e-01
6.642177700996398926e-01
6.008366346359252930e-01
7.095958590507507324e-01
6.324350237846374512e-01
6.294699311256408691e-01
5.872128009796142578e-01
5.737657546997070312e-01
9.246193766593933105e-01
6.390510201454162598e-01
6.530833840370178223e-01
6.682754755020141602e-01
6.546779870986938477e-01
6.501526832580566406e-01
6.532726883888244629e-01
6.485427618026733398e-01
6.116388440132141113e-01
6.766961812973022461e-01
5.403587818145751953e-01
5.841056108474731445e-01
5.018574595451354980e-01
6.345259547233581543e-01
4.818545281887054443e-01
6.036369800567626953e-01
6.093461513519287109e-01
9.236423373222351074e-01
6.200570464134216309e-01
7.632774710655212402e-01
6.906559467315673828e-01
6.937333345413208008e-01
6.930791735649108887e-01
6.942036747932434082e-01
6.931267380714416504e-01
6.966862082481384277e-01
6.921665072441101074e-01
7.035526037216186523e-01
6.924058198928833008e-01
6.912847757339477539e-01
6.924117207527160645e-01
8.022548556327819824e-01
6.912252902984619141e-01
6.902937293052673340e-01
7.450553774833679199e-01
6.919032335281372070e-01
6.918593645095825195e-01
6.930727958679199219e-01
7.557803988456726074e-01
6.921851038932800293e-01
6.930394172668457031e-01
6.909515261650085449e-01
7.021363973617553711e-01
6.917044520378112793e-01
6.921659111976623535e-01
6.928094029426574707e-01
6.880830526351928711e-01
6.893027424812316895e-01
7.428423762321472168e-01
7.480337023735046387e-01
6.934068799018859863e-01
6.912844777107238770e-01
6.973469257354736328e-01
7.369886636734008789e-01