1.180320635651728687e-08
1.200051820204264278e-08
1.220112847031929796e-08
1.240509230042223985e-08
1.261246575317537046e-08
1.282330582656019866e-08
1.303767047138211659e-08
1.325561860719856797e-08
1.347721013851348100e-08
1.370250597124242415e-08
1.393156802945300305e-08
1.416445927238510578e-08
1.440124371175567180e-08
1.464198642935273762e-08
1.488675359492360625e-08
1.513561248436204256e-08
1.538863149819950543e-08
1.564588018040548903e-08
1.590742923750214809e-08
1.617335055799845970e-08
1.644371723214926527e-08
1.671860357204460573e-08
1.699808513203490856e-08
1.728223872949760193e-08
1.757114246595087999e-08
1.786487574852043934e-08
1.816351931176504645e-08
1.846715523986698113e-08
1.877586698919342078e-08
1.908973941123497605e-08
1.940885877592769747e-08
1.973331279536494227e-08
2.006319064790563274e-08
2.039858300268552356e-08
2.073958204453821811e-08
2.108628149933278926e-08
2.143877665973496294e-08
2.179716441139894195e-08
2.216154325959707951e-08
2.253201335629471507e-08
2.290867652767760356e-08
2.329163630213953169e-08
2.368099793873778767e-08
2.407686845612431925e-08
2.447935666196052118e-08
2.488857318282375836e-08
2.530463049461381041e-08
2.572764295346763211e-08
2.615772682719090306e-08
2.659500032721501244e-08
2.703958364108826021e-08
2.749159896551020490e-08
2.795117053991825707e-08
2.841842468063570664e-08
2.889348981559061748e-08
2.937649651961510154e-08
2.986757755033468390e-08
3.036686788465762518e-08
3.087450475587423336e-08
3.139062769137634607e-08
3.191537855100736600e-08
3.244890156605339770e-08
3.299134337888617618e-08
3.354285308326869963e-08
3.410358226533465026e-08
3.467368504525287302e-08
3.525331811958831378e-08
3.584264080437113674e-08
3.644181507888578007e-08
3.705100563019207301e-08
3.767037989839055087e-08
3.830010812264451451e-08
3.894036338797137444e-08
3.959132167281624964e-08
4.025316189742081133e-08
4.092606597300070555e-08
4.161021885174508092e-08
4.230580857765192604e-08
4.301302633821321267e-08
4.373206651696407854e-08
4.446312674691042983e-08
4.520640796484970000e-08
4.596211446659966116e-08
4.673045396315052119e-08
4.751163763775565899e-08
4.830588020397676089e-08
4.911339996469927946e-08
4.993441887213445421e-08
5.076916258882434498e-08
5.161786054966669958e-08
5.248074602497667591e-08
5.335805618460274275e-08
5.425003216311440157e-08
5.515691912607964271e-08
5.607896633745033383e-08
5.701642722807408284e-08
5.796955946535142162e-08
5.893862502405739549e-08
5.992389025834709945e-08
6.092562597496487482e-08
6.194410750767739565e-08
6.297961479295095387e-08
6.403243244689391392e-08
6.510284984348531407e-08
6.619116119411127344e-08
6.729766562843093627e-08
6.842266727659428083e-08
6.956647535283431867e-08
7.072940424045668649e-08
7.191177357825001664e-08
7.311390834834080324e-08
7.433613896551689104e-08
7.557880136804420395e-08
7.684223711000163462e-08
7.812679345515945294e-08
7.943282347242709461e-08
8.076068613289649506e-08
8.211074640850771647e-08
8.348337537236390672e-08
8.487895030072325126e-08
8.629785477669585675e-08
8.774047879567414047e-08
8.920721887252568363e-08
9.069847815057799607e-08
9.221466651242512972e-08
9.375620069258670018e-08
9.532350439205014048e-08
9.691700839472771250e-08
9.853715068586042366e-08
1.001843765724011419e-07
1.018591388054102082e-07
1.035618977044971097e-07
1.052931212843423867e-07
1.070532853833346209e-07
1.088428737943577879e-07
1.106623783977649614e-07
1.125122992965749492e-07
1.143931449539289190e-07
1.163054323328449321e-07
1.182496870383086462e-07
1.202264434617394173e-07
1.222362449278713053e-07
1.242796438440895347e-07
1.263572018522634144e-07
1.284694899831172448e-07
1.306170888131820555e-07
1.328005886243708687e-07
1.350205895662216926e-07
1.372777018208526088e-07
1.395725457706744018e-07
1.419057521689068406e-07
1.442779623129454125e-07
1.466898282206261788e-07
1.491420128094373008e-07
1.516351900787263079e-07
1.541700452949532980e-07
1.567472751800411268e-07
1.593675881028739406e-07
1.620317042739972281e-07
1.647403559435724112e-07
1.674942876026407938e-07
1.702942561877518722e-07
1.731410312890123615e-07
1.760353953616132722e-07
1.789781439408928987e-07
1.819700858609950660e-07
1.850120434771825619e-07
1.881048528918670315e-07
1.912493641844173014e-07
1.944464416448093943e-07
1.976969640111824249e-07
2.010018247113655982e-07
2.043619321084429071e-07
2.077782097504227382e-07
2.112515966240812841e-07
2.147830474130493004e-07
2.183735327602133310e-07
2.220240395345033456e-07
2.257355711021403243e-07
2.295091476024181414e-07
2.333458062280957172e-07
2.372466015104763323e-07
2.412126056092526942e-07
2.452449086071971106e-07
2.493446188097781662e-07
2.535128630497856926e-07
2.577507869970485513e-07
2.620595554733295077e-07
2.664403527724842560e-07
2.708943829859725818e-07
2.754228703338110215e-07
2.800270595010577597e-07
2.847082159799228311e-07
2.894676264175969590e-07
2.943065989698952752e-07
2.992264636608126421e-07
3.042285727480896257e-07
3.093143010948896529e-07
3.144850465476893147e-07
3.197422303204858932e-07
3.250872973854273574e-07
3.305217168699728250e-07
3.360469824606920671e-07
3.416646128138150725e-07
3.473761519726450663e-07
3.531831697919491219e-07
3.590872623694432026e-07
3.650900524844902186e-07
3.711931900441320130e-07
3.773983525365771959e-07
3.837072454922700302e-07
3.901216029526668924e-07
3.966431879468492192e-07
4.032737929761038030e-07
4.100152405066037944e-07
4.168693834703256701e-07
4.238381057743401267e-07
4.309233228186163453e-07
4.381269820224827199e-07
4.454510633598878878e-07
4.528975799036099751e-07
4.604685783785630288e-07
4.681661397243531019e-07
4.759923796672384152e-07
4.839494493016509339e-07
4.920395356814390232e-07
5.002648624209937074e-07
5.086276903064242873e-07
5.171303179169502868e-07
5.257750822566813052e-07
5.345643593969584175e-07
5.435005651294333058e-07
5.525861556300643747e-07
5.618236281342137628e-07
5.712155216230286330e-07
5.807644175212974299e-07
5.904729404069717928e-07
6.003437587325492591e-07
6.103795855585151756e-07
6.205831792990459414e-07
6.309573444801770820e-07
6.415049325106464293e-07
6.522288424656226858e-07
6.631320218835355759e-07
6.742174675762268606e-07
6.854882264526437160e-07
6.969473963563022199e-07
7.085981269167504926e-07
7.204436204152652746e-07
7.324871326650204847e-07
7.447319739059691648e-07
7.571815097146852958e-07
7.698391619294147272e-07
7.827084095905905970e-07
7.957927898970706376e-07
8.090958991783603219e-07
8.226213938830877129e-07
8.363729915840030797e-07
8.503544719997784584e-07
8.645696780338889034e-07
8.790225168308600314e-07
8.937169608501728144e-07
9.086570489581207066e-07
9.238468875379192724e-07
9.392906516183728242e-07
9.549925860214091424e-07
9.709570065287971622e-07
9.871883010683683357e-07
1.003690930920068517e-06
1.020469431942169973e-06
1.037528415817982968e-06
1.054872571323406898e-06
1.072506665615672924e-06
1.090435545543627918e-06
1.108664138979924163e-06
1.127197456175477557e-06
1.146040591136569118e-06
1.165198723024966301e-06
1.184677117581450388e-06
1.204481128573140409e-06
1.224616199265012567e-06
1.245087863916017075e-06
1.265901749300207023e-06
1.287063576253294337e-06
1.308579161245060352e-06
1.330454417978051091e-06
1.352695359012998127e-06
1.375308097421410780e-06
1.398298848465795141e-06
1.421673931307960497e-06
1.445439770745883467e-06
1.469602898979606105e-06
1.494169957406655219e-06
1.519147698447475232e-06
1.544542987401375424e-06
1.570362804333503971e-06
1.596614245993365083e-06
1.623304527765408823e-06
1.650440985652227255e-06
1.678031078290903875e-06
1.706082389003069884e-06
1.734602627879231616e-06
1.763599633897939397e-06
1.793081377080384199e-06
1.823055960681010972e-06
1.853531623414752183e-06
1.884516741721493744e-06
1.916019832068396110e-06
1.948049553290702022e-06
1.980614708971674829e-06
2.013724249862322808e-06
2.047387276341572902e-06
2.081613040917571289e-06
2.116410950770795630e-06
2.151790570339683270e-06
2.187761623949480161e-06
2.224333998485037228e-06
2.261517746108286883e-06
2.299323087021146336e-06
2.337760412274609619e-06
2.376840286624796144e-06
2.416573451436745663e-06
2.456970827636754152e-06
2.498043518714063330e-06
2.539802813772729263e-06
2.582260190634507342e-06
2.625427318993609547e-06
2.669316063624197149e-06
2.713938487641493976e-06
2.759306855817413876e-06
2.805433637951615900e-06
2.852331512298911314e-06
2.900013369053967729e-06
2.948492313894264543e-06
2.997781671582277150e-06
3.047894989627875880e-06
3.098846042011951027e-06
3.150648832972282502e-06
3.203317600852699382e-06
3.256866822016583032e-06
3.311311214825792940e-06
3.366665743686107513e-06
3.422945623160290278e-06
3.480166322149914416e-06
3.538343568147094614e-06
3.597493351557293034e-06
3.657631930094389040e-06
3.718775833249220998e-06
3.780941866832827906e-06
3.844147117595637690e-06
3.908408957923876535e-06
3.973745050614484612e-06
4.040173353729854501e-06
4.107712125533724261e-06
4.176379929509583366e-06
4.246195639462970482e-06
4.317178444709066616e-06
4.389347855347005795e-06
4.462723707622355110e-06
4.537326169379242179e-06
4.613175745603619121e-06
4.690293284059197864e-06
4.768699981017596695e-06
4.848417387084276918e-06
4.929467413121870506e-06
5.011872336272529306e-06
5.095654806080944945e-06
5.180837850719727593e-06
5.267444883318855423e-06
5.355499708400927811e-06
5.445026528423998487e-06
5.536049950433784368e-06
5.628594992827074556e-06
5.722687092228205545e-06
5.818352110480487257e-06
5.915616341754505228e-06
6.014506519775246277e-06
6.115049825170044096e-06
6.217273892939356484e-06
6.321206820052429964e-06
6.426877173169938874e-06
6.534313996495724981e-06
6.643546819759789093e-06
6.754605666334737786e-06
6.867521061487905330e-06
6.982324040771430183e-06
7.099046158552583189e-06
7.217719496686697173e-06
7.338376673335077227e-06
7.461050851930324377e-06
7.585775750291524796e-06
7.712585649891819388e-06
7.841515405280893161e-06
7.972600453664983931e-06
8.105876824647036154e-06
8.241381150129678209e-06
8.379150674383745493e-06
8.519223264285115740e-06
8.661637419722675491e-06
8.806432284180272207e-06
8.953647655495562441e-06
9.103323996798713907e-06
9.255502447633966710e-06
9.410224835267114919e-06
9.567533686182006940e-06
9.727472237769237650e-06
9.890084450210234106e-06
1.005541501856000266e-05
1.022350938503186632e-05
1.039441375148756187e-05
1.056817509213613064e-05
1.074484116644509089e-05
1.092446053226745124e-05
1.110708255918816146e-05
1.129275744209367009e-05
1.148153621496832761e-05
1.167347076492141806e-05
1.186861384644867822e-05
1.206701909593222261e-05
1.226874104638286565e-05
1.247383514242887957e-05
1.268235775555532674e-05
1.289436619959813533e-05
1.310991874649719444e-05
1.332907464231278483e-05
1.355189412350975350e-05
1.377843843351391443e-05
1.400876983954520715e-05
1.424295164973226516e-05
1.448104823051307472e-05
1.472312502432652341e-05
1.496924856759969029e-05
1.521948650903583268e-05
1.547390762820808076e-05
1.573258185446396100e-05
1.599558028614595612e-05
1.626297521013334802e-05
1.653484012171075956e-05
1.681124974476881973e-05
1.709228005234252729e-05
1.737800828749294733e-05
1.766851298453798704e-05
1.796387399063807496e-05
1.826417248774268634e-05
1.856949101490374567e-05
1.887991349096204550e-05
1.919552523761289210e-05
1.951641300285734428e-05
1.984266498484548946e-05
2.017437085611828950e-05
2.051162178825468088e-05
2.085451047693069552e-05
2.120313116739748333e-05
2.155757968038525690e-05
2.191795343844024952e-05
2.228435149270196442e-05
2.265687455012804351e-05
2.303562500117423690e-05
2.342070694793711995e-05
2.381222623276724236e-05
2.421029046736060685e-05
2.461500906233647014e-05
2.502649325730957404e-05
2.544485615146511084e-05
2.587021273464478171e-05
2.630267991895252663e-05
2.674237657088859971e-05
2.718942354402082256e-05
2.764394371220199438e-05
2.810606200334259312e-05
2.857590543374805120e-05
2.905360314303003498e-05
2.953928642960132990e-05
3.003308878676409259e-05
3.053514593940136993e-05
3.104559588128199876e-05
3.156457891298911837e-05
3.209223768048272097e-05
3.262871721430685189e-05
3.317416496945221335e-05
3.372873086588517309e-05
3.429256732975425709e-05
3.486582933528551044e-05
3.544867444737818507e-05
3.604126286491251109e-05
3.664375746478144423e-05
3.725632384665845769e-05
3.787913037851371815e-05
3.851234824289115490e-05
3.915615148395913426e-05
3.981071705534765492e-05
4.047622486878523732e-05
4.115285784354886969e-05
4.184080195674059734e-05
4.254024629440456511e-05
4.325138310349860087e-05
4.397440784473455669e-05
4.470951924630200367e-05
4.545691935849001218e-05
4.621681360922201320e-05
4.698941086051904850e-05
4.777492346590688649e-05
4.857356732878281971e-05
4.938556196175814260e-05
5.021113054699268100e-05
5.105049999753789397e-05
5.190390101970544117e-05
5.277156817647836641e-05
5.365373995198229214e-05
5.455065881703438548e-05
5.546257129578807991e-05
5.638972803349189596e-05
5.733238386538096871e-05
5.829079788672019433e-05
5.926523352401832191e-05
6.025595860743249236e-05
6.126324544438313329e-05
6.228737089439948427e-05
6.332861644521628464e-05
6.438726829014260319e-05
6.546361740672391094e-05
6.655795963671927082e-05
6.767059576741538932e-05
6.880183161430002722e-05
6.995197810511745646e-05
7.112135136532897516e-05
7.231027280500217081e-05
7.351906920715258061e-05
7.474807281756221144e-05
7.599762143609951708e-05
7.726805850956594579e-05
7.855973322609459094e-05
7.987300061112691154e-05
8.120822162499381444e-05
8.256576326212804065e-05
8.394599865193504227e-05
8.534930716135007828e-05
8.677607449910977285e-05
8.822669282176673193e-05
8.970156084147642376e-05
9.120108393558584085e-05
9.272567425805420605e-05
9.427575085273624312e-05
9.585173976855916904e-05
9.745407417662513446e-05
9.908319448927113704e-05
1.007395484811193673e-04
1.024235914121510144e-04
1.041357861528375222e-04
1.058766033113636636e-04
1.076465213629773323e-04
1.094460267815016672e-04
1.112756141730456266e-04
1.131357864119498222e-04
1.150270547790048677e-04
1.169499391019803510e-04
1.189049678985029353e-04
1.208926785213229973e-04
1.229136173060096341e-04
1.249683397211146429e-04
1.270574105208467544e-04
1.291814039002981307e-04
1.313409036532656865e-04
1.335365033327107871e-04
1.357688064139012097e-04
1.380384264602803606e-04
1.403459872921093395e-04
1.426921231579280107e-04
1.450774789088825963e-04
1.475027101759671989e-04
1.499684835502284751e-04
1.524754767659825753e-04
1.550243788870949823e-04
1.576158904963743674e-04
1.602507238881323715e-04
1.629296032639625182e-04
1.656532649317919259e-04
1.684224575082603561e-04
1.712379421244825681e-04
1.741004926352503050e-04
1.770108958317314826e-04
1.799699516577249383e-04
1.829784734295303967e-04
1.860372880594938550e-04
1.891472362832900497e-04
1.923091728910042116e-04
1.955239669620768611e-04
1.987925021041760977e-04
2.021156766960631695e-04
2.054944041345177291e-04
2.089296130853912159e-04
2.124222477388567525e-04
2.159732680689262154e-04
2.195836500973054979e-04
2.232543861616605781e-04
2.269864851883682266e-04
2.307809729698260821e-04
2.346388924463986678e-04
2.385613039930764882e-04
2.425492857109271103e-04
2.466039337234185946e-04
2.507263624776962939e-04
2.549177050508960964e-04
2.591791134615783012e-04
2.635117589863676430e-04
2.679168324818864189e-04
2.723955447120694870e-04
2.769491266809508525e-04
2.815788299710132963e-04
2.862859270871942322e-04
2.910717118066422256e-04
2.959374995343202358e-04
3.008846276645535931e-04
3.059144559486216440e-04
3.110283668684945993e-04
3.162277660168178817e-04
3.215140824832487046e-04
3.268887692472509723e-04
3.323533035774563801e-04
3.379091874377014885e-04
3.435579478998526627e-04
3.493011375635319583e-04
3.551403349828595305e-04
3.610771451003297675e-04
3.671131996879405199e-04
3.732501577956965320e-04
3.794897062076104007e-04
3.858335599053265065e-04
3.922834625394952014e-04
3.988411869090268693e-04
4.055085354483574812e-04
4.122873407228598705e-04
4.191794659325365235e-04
4.261868054241326094e-04
4.333112852118098705e-04
4.405548635065244332e-04
4.479195312542543113e-04
4.554073126832241603e-04
4.630202658602779338e-04
4.707604832565523683e-04
4.786300923226067161e-04
4.866312560731666419e-04
4.947661736816435021e-04
5.030370810845916389e-04
5.114462515962707630e-04
5.199959965334813696e-04
5.286886658508457371e-04
5.375266487867086862e-04
5.465123745198356914e-04
5.556483128370888654e-04
5.649369748122646953e-04
5.743809134962791487e-04
5.839827246188909662e-04
5.937450473021553717e-04
6.036705647858042235e-04
6.137620051647527499e-04
6.240221421389345298e-04
6.344537957756713701e-04
6.450598332847878695e-04
6.558431698066831753e-04
6.668067692135767714e-04
6.779536449241487179e-04
6.892868607317977937e-04
7.008095316467456617e-04
7.125248247522184214e-04
7.244359600749404994e-04
7.365462114701804832e-04
7.488589075215924123e-04
7.613774324560988564e-04
7.741052270740688334e-04
7.870457896950443797e-04
8.002026771192773894e-04
8.135795056053398604e-04
8.271799518640768605e-04
8.410077540691747846e-04
8.550667128846238660e-04
8.693606925093557520e-04
8.838936217393447573e-04
8.986694950474634694e-04
9.136923736813904297e-04
9.289663867798712968e-04
9.444957325076403214e-04
9.602846792093138427e-04
9.763375665825734743e-04
9.926588068709610996e-04
1.009252886076613320e-03
1.026124365193269725e-03
1.043277881459891846e-03
1.060718149635239953e-03
1.078449963293755297e-03
1.096478196143107087e-03
1.114807803363762877e-03
1.133443822970953358e-03
1.152391377199404746e-03
1.171655673911218892e-03
1.191242008027289462e-03
1.211155762982646248e-03
1.231402412206128102e-03
1.251987520624791520e-03
1.272916746193468365e-03
1.294195841449892557e-03
1.315830655095823545e-03
1.337827133604600673e-03
1.360191322855571882e-03
1.382929369795843876e-03
1.406047524129811497e-03
1.429552140036931002e-03
1.453449677918208652e-03
1.477746706171885124e-03
1.502449902998804305e-03
1.527566058237960628e-03
1.553102075232732368e-03
1.579064972728311776e-03
1.605461886800853754e-03
1.632300072818874568e-03
1.659586907437438129e-03
1.687329890625679108e-03
1.715536647728219946e-03
1.744214931561047493e-03
1.773372624542426512e-03
1.803017740859435072e-03
1.833158428670717509e-03
1.863802972346060563e-03
1.894959794743407465e-03
1.926637459523937055e-03
1.958844673505843494e-03
1.991590289057463409e-03
2.024883306530408152e-03
2.058732876733371849e-03
2.093148303447291136e-03
2.128139045982552213e-03
2.163714721778945381e-03
2.199885109049083513e-03
2.236660149466007837e-03
2.274049950895724783e-03
2.312064790175419847e-03
2.350715115938114760e-03
2.390011551484545142e-03
2.429964897703044881e-03
2.470586136038243480e-03
2.511886431509388617e-03
2.553877135779127061e-03
2.596569790273585681e-03
2.639976129354607796e-03
2.684108083545023483e-03
2.728977782807831196e-03
2.774597559880201837e-03
2.820979953663211703e-03
2.868137712668244934e-03
2.916083798521006999e-03